-5.670119649298346332e+00
-4.950113224088834585e+00
-2.213532435188999337e+00
-2.955011928697627521e+00
-8.569627744199820540e+00
-7.971531986612269804e+00
-8.367948489284172453e+00
-7.251180887717307399e+00
-4.150709558988840975e+00
-1.901562775743603328e+00
-8.304098852416688104e+00
-4.936735340548537465e+00
-9.046752922123644680e+00
-6.722574984319739322e+00
-3.462364082328750037e+00
-7.819687293783258220e+00
-4.382853586941510393e+00
-4.595261953768497776e+00
-4.000432624678938787e+00
-3.601205897913726695e+00
-2.035906168989874310e+00
-6.927711275231692944e+00
-9.148307529436086938e+00
-8.206093363095021687e+00
-7.357359027690749009e+00
-4.614782833137057949e+00
-3.225357031556293830e+00
-2.960100853615685867e+00
-8.145471272488029157e+00
-5.183443529573517061e+00
-7.915304298924969117e+00
-2.866852212907879505e+00
-8.203529297572297097e+00
-8.842284985167605527e+00
-2.266879522286668891e+00
-9.279460536847578211e+00
-7.448091631300854942e+00
-9.530728100672074987e+00
-9.425838490943824866e+00
-9.004088386887652007e+00
-3.710256942623787690e+00
-7.057239252672823149e+00
-7.250153825771686655e+00
-8.979900312860218392e+00
-4.932178780239303784e+00
-8.287934808519672458e+00
-7.686471537164692336e+00
-5.211714379881875026e+00
-6.157249602141789069e+00
-6.344845479878946648e+00
-8.075619104285220118e+00
-5.105285049478995418e+00
-5.204551069398806185e+00
-3.083521264989071309e+00
-5.111293316030110390e+00
-2.134910413110942429e+00
-7.103084822694549771e+00
-9.378133681432736068e+00
-9.469634951932476952e+00
-2.619550321210683208e+00
-8.490697944745056347e+00
-5.497896525437620419e+00
-7.297239002876594327e+00
-2.455513849442555241e+00
-3.682766983300068464e+00
-8.747662213644844087e+00
-7.538419228401775918e+00
-8.150267224241131814e+00
-9.528412822216301592e+00
-8.892184715722160959e+00
-8.906326125226243562e+00
-7.959499704013594190e+00
-5.235443151711528742e+00
-5.288152179657948260e+00
-4.033268702268657080e+00
-2.522532026673711680e+00
-8.797624425729010156e+00
-6.853268995863534663e+00
-9.375815001551899286e+00
-8.134931352083377476e+00
-8.487298964669092172e+00
-9.169609597635133724e+00
-8.581855148631557739e+00
-3.342216281512739862e+00
-7.342706565652828310e+00
-5.635804604789174554e+00
-7.353995348202277960e+00
-3.476475428624562714e+00
-3.199440778039078559e+00
-9.194286679150227570e+00
-1.652822011545150183e+00
-6.277589826491393410e+00
-7.051869049948740198e+00
-9.231696203559623726e+00
-2.385064592403967065e+00
-7.920993707005289153e+00
-2.859378992441573786e+00
-3.603154692469228149e+00
-6.667658206261497078e+00
-7.961415503489116752e+00
-3.468374566636915901e+00
-2.501572137741818302e+00
-2.669013416327617794e+00
-4.239227380867776951e+00
-9.015854967082741922e+00
-8.221817483502903201e+00
-5.803919147452159422e+00
-7.295059232706336161e+00
-8.598194190128040759e+00
-2.890385960120061881e+00
-1.661279958248035316e+00
-4.373835806177081231e+00
-4.750062190160194930e+00
-4.851237329591252312e+00
-6.929537322734638849e+00
-5.442031613439424653e+00
-3.134468699675567738e+00
-5.823624030293188092e+00
-6.181304322558608177e+00
-8.245128062045525397e+00
-6.552426551958413725e+00
-8.871515780565747633e+00
-5.605035641203382824e+00
-4.342780161065040723e+00
-8.164101811134445441e+00
-5.746789796295134423e+00
-3.030143782690240428e+00
-5.649748653162136591e+00
-8.768859695670427001e+00
-6.104062771672351673e+00
-6.050155691521417189e+00
-8.770725621305636821e+00
-5.147797612957711877e+00
-6.558366458987025638e+00
-6.109078529635331378e+00
-8.293545974861002534e+00
-8.941560610385483443e+00
-6.139196781534080216e+00
-7.585086101689969773e+00
-8.440434563557278835e+00
-6.717197517759161407e+00
-3.421397095216829332e+00
-6.982723491681339212e+00
-6.924122672745519402e+00
-3.089278977639822621e+00
-1.810543859067683670e+00
-6.719273217153292066e+00
-2.904990725744676539e+00
-6.349643772332964176e+00
-2.330967372917385649e+00
-4.625532230976935999e+00
-3.856735531880253642e+00
-2.825836448180731875e+00
-8.851644635926826155e+00
-5.782124995723013861e+00
-5.451068572995753314e+00
-5.616531422363911119e+00
-4.746088039390511604e+00
-4.525872762725263065e+00
-7.592475157602224023e+00
-7.042399521874655122e+00
-7.349889905007586322e+00
-1.625158518527645368e+00
-8.582701945547874800e+00
-8.839426129716230207e+00
-2.143517498083721939e+00
-5.697043550942239243e+00
-4.526950735457969444e+00
-3.297608812003674839e+00
-3.341928744654611094e+00
-7.866389849261214984e+00
-4.072084675132886744e+00
-9.333013432357272876e+00
-3.988326598417057944e+00
-5.021375193554908023e+00
-9.410696977209383363e+00
-8.155180252356247550e+00
-5.230705637263671548e+00
-2.740998775665750564e+00
-9.502895955916542903e+00
-6.243338998417820029e+00
-9.487135373351030410e+00
-7.107728823537920348e+00
-2.021289648890880031e+00
-7.701896552620739911e+00
-2.690531213847823899e+00
-2.215211830340294341e+00
-3.156961201162912900e+00
-5.104734673924413713e+00
-8.126860532357818911e+00
-6.138973800202666808e+00
-5.474787168455824471e+00
-2.690778572427927173e+00
-4.367088468629981790e+00
-2.010945644005222466e+00
-2.800292249482189799e+00
-2.117364440189115626e+00
-4.461293414368083354e+00
-1.970889469066393396e+00
-2.318639165324332119e+00
-6.794334515851556233e+00
-9.067184260132666651e+00
-7.518897208181723357e+00
-2.219045229521938722e+00
-2.856125910516884137e+00
-6.258928545713175140e+00
-1.757631914399037543e+00
-8.718077975297802595e+00
-5.339438691775427515e+00
-4.504399349034263977e+00
-5.904609865423478432e+00
-2.791887908276255992e+00
-9.212842367116270026e+00
-7.665899321287206192e+00
-7.300094613851920045e+00
-8.732788342117832059e+00
-4.299698082264869825e+00
-6.624558213526217543e+00
-1.633094359546253482e+00
-7.335646564284890481e+00
-9.261135609758012421e+00
-3.077889250079183014e+00
-4.471179904327590826e+00
-8.550702884987877894e+00
-6.270688876369247211e+00
-3.001238326405595291e+00
-7.001879078829595926e+00
-9.065861368097097639e+00
-8.733720421688959235e+00
-1.935912582934199655e+00
-6.166224227696813998e+00
-6.210793231838042772e+00
-5.205801537142427549e+00
-3.985462962338313986e+00
-2.643228499792283692e+00
-5.856149973475667458e+00
-7.382716885161439535e+00
-2.697028603812885006e+00
-7.896583167316761909e+00
-5.967031067383816278e+00
-4.032953025146101211e+00
-6.976191663719848890e+00
-3.779178122547695917e+00
-8.130761885443988035e+00
-2.972835295523989174e+00
-9.132594243189153360e+00
-3.577569817579990819e+00
-8.847218821639952324e+00
-7.689002493125931537e+00
-9.165300475667445212e+00
-6.664682141663202053e+00
-6.043818691598358050e+00
-7.555293845574955647e+00
-6.518394203169445511e+00
-9.420072839744788595e+00
-8.728071394230697777e+00
-9.515516718919531769e+00
-3.817840815687188805e+00
-1.650770960297412326e+00
-9.199292869863798572e+00
-2.851620519982311919e+00
-5.790979016098935617e+00
-3.793377293389207150e+00
-6.338912797902353624e+00
-4.524642165640695879e+00
-4.019025259496523894e+00
-2.054986243646577559e+00
-2.169509178302619024e+00
-7.799066776601721429e+00
-6.690990421418225864e+00
-7.074982487221005201e+00
-6.490964576929332708e+00
-2.868940548590849016e+00
-5.074816180206061844e+00
-5.980726414766576404e+00
-4.649288675451050068e+00
-2.997985117721774451e+00
-6.391486277660231252e+00
-4.021235848908669475e+00
-2.759574173259763619e+00
-5.631186380771188382e+00
-9.482035839386842468e+00
-3.529041692264073049e+00
-6.273940161208231281e+00
-2.953572598709184760e+00
-4.480090166340362501e+00
-9.264201025017914759e+00
-2.701317984300062314e+00
-3.527503375874464719e+00
-7.463662172836586173e+00
-6.140490270673613082e+00
-8.503079249191264566e+00
-4.537692471543999240e+00
-6.432877184498313028e+00
-2.947420532847794483e+00
-2.474365667130093982e+00
-5.612713580051671869e+00
-7.660296896504302566e+00
-8.424988374858880746e+00
-8.502579658024650655e+00
-4.069044605837688344e+00
-2.501628055164602404e+00
-9.123960582791562857e+00
-9.040259777858654644e+00
-3.413270577383322735e+00
-6.796007933204314178e+00
-6.458309671572175503e+00
-7.318697736610451976e+00
-4.444144475178371856e+00
-6.550755366904231991e+00
-9.174417372177908092e+00
-1.731652648091688951e+00
-2.496491005205875524e+00
-2.852408478719861584e+00
-7.507779696748873910e+00
-3.375293621751997986e+00
-7.931782715528483685e+00
-2.206563600761580979e+00
-4.351492207331830286e+00
-5.311471322486005064e+00
-3.684011917291504457e+00
-8.236579670262223374e+00
-7.988027348746982170e+00
-7.294246264328611673e+00
-7.770687398012032787e+00
-4.601653932959874460e+00
-7.648161188995345583e+00
-2.121196923307003601e+00
-4.994375190022970479e+00
-7.784032047981850333e+00
-6.156097864837413169e+00
-3.119637498778946583e+00
-3.590376265380002430e+00
-6.454983532500715881e+00
-2.140324024755434262e+00
-5.781047835625735765e+00
-7.582309134148540686e+00
-5.202594752677344836e+00
-9.357915511305735734e+00
-1.742435983314577719e+00
-1.663972068469682375e+00
-3.124727346278225681e+00
-8.661991870070917088e+00
-1.845208574189624917e+00
-8.886315096932113633e+00
-5.399047015382654635e+00
-7.104883842890051149e+00
-8.947077400134100245e+00
-7.132839006100476276e+00
-6.002995350463948832e+00
-2.591871180012504716e+00
-3.647360461096567530e+00
-7.381217572937348592e+00
-8.394840513441243601e+00
-7.689969099778716455e+00
-6.446040855014579130e+00
-7.142316556083458501e+00
-6.991995981576184960e+00
-6.704938318980336653e+00
-5.912016762463593089e+00
-6.099449185398070128e+00
-1.999156591331320287e+00
-8.857168740398506657e+00
-6.805452414551949936e+00
-4.559782115631544563e+00
-5.297232608128297215e+00
-5.162208099698077035e+00
-3.644355349915848308e+00
-5.406219993870069018e+00
-6.355627455397367953e+00
-6.476465682544561453e+00
-8.594144332686157739e+00
-3.308424888094040561e+00
-8.437944627500097994e+00
-7.701331886168103935e+00
-5.718089847538452730e+00
-5.225305982006244854e+00
-3.090793384848800507e+00
-6.111257228534305419e+00
-5.423930151678905354e+00
-2.054301109837475270e+00
-3.370624648803689283e+00
-2.222426355912528351e+00
-9.281567138322669663e+00
-9.248244948810675936e+00
-3.031804446246229467e+00
-3.066698647130404076e+00
-5.437778138530439342e+00
-4.272774790607806850e+00
-8.584085253344316158e+00
-7.768032124799117533e+00
-2.736526665795043556e+00
-8.967467636718717827e+00
-1.744115787629039849e+00
-6.228859561789740873e+00
-5.730185486589228994e+00
-2.840320623826442237e+00
-6.112422743172134076e+00
-5.670577430760018522e+00
-8.656939314919677386e+00
-4.692571123174829495e+00
-6.354052670324239038e+00
-5.804989209734698008e+00
-8.889380986359494585e+00
-1.666488226283517893e+00
-2.569283272369974114e+00
-6.421489011981419637e+00
-3.815259112719239898e+00
-5.380523461187979528e+00
-9.432893261611107860e+00
-1.607381483434037861e+00
-7.728465207986468855e+00
-4.057398952313777230e+00
-2.114691157898897167e+00
-2.203957118466865150e+00
-8.841535088614486781e+00
-3.206069694305459628e+00
-4.609220488052243603e+00
-9.246132052505338095e+00
-4.571990753856660206e+00
-7.150528808019953608e+00
-4.294053249689818053e+00
-3.033752027304043253e+00
-3.119158890202005985e+00
-5.285188351775786053e+00
-2.691549843934686326e+00
-3.815547233000835092e+00
-7.569719385330357930e+00
-6.328178543956175517e+00
-7.704648809241014362e+00
-3.626841946460558574e+00
-5.536989765019622034e+00
-2.754765723173121739e+00
-2.905692114699088169e+00
-3.652137795618736860e+00
-6.464279539165319832e+00
-7.852434078178087695e+00
-4.266366864580128038e+00
-6.859607085695373030e+00
-7.980013717357785197e+00
-2.747823985019400173e+00
-4.195021270816551962e+00
-1.762365109097578042e+00
-2.331971480938831220e+00
-4.489538450004245007e+00
-3.790771204922541493e+00
-1.844686206359716252e+00
-1.611531146244014279e+00
-6.841295138315277136e+00
-9.317724218075797538e+00
-2.636321678509861322e+00
-2.106094933330247887e+00
-4.065138636094870250e+00
-2.239456363103978997e+00
-2.956573288324719329e+00
-8.191389060654277188e+00
-9.365914733152074234e+00
-8.578688130446161964e+00
-8.810347604791354925e+00
-4.940610217807991589e+00
-1.948151870216707326e+00
-2.582243411019837342e+00
-6.833730496261890330e+00
-8.815203263438888825e+00
-7.665933728691295634e+00
-2.497869939713117660e+00
-6.092055370612394327e+00
-9.002359917383445875e+00
-1.908909017229154292e+00
-5.577534016405759409e+00
-1.886315226768775943e+00
-2.771749003452359528e+00
-8.885923618788073242e+00
-2.918745508198524963e+00
-8.367375459605151278e+00
-2.349895136268361107e+00
-3.799959695251176051e+00
-2.464774943368887694e+00
-8.045534331204686751e+00
-6.322553996256877085e+00
-6.307167085539090223e+00
-7.748016432153430166e+00
-1.923241155312516826e+00
-6.402360502400724407e+00
-6.923041981586722571e+00
-3.654946207718340556e+00
-4.779269949178754473e+00
-7.076748440590920453e+00
-4.564295495786503842e+00
-8.219328395611704252e+00
-7.385239446433409682e+00
-4.184797491737884734e+00
-4.068141484164829791e+00
-8.528121084121449869e+00
-4.728219035882990973e+00
-3.438699312309193790e+00
-5.665245541557852427e+00
-2.447576918132334356e+00
-6.199755820634418768e+00
-8.175548666381686758e+00
-7.384155169682462549e+00
-6.029019295380433796e+00
-6.099568212389789856e+00
-2.984749297437238269e+00
-6.246686080024684173e+00
-6.120258407203220230e+00
-1.988443514628193354e+00
-7.107191257425585995e+00
-2.871588668412737633e+00
-8.420457441534004772e+00
-6.975726844017633432e+00
-5.468065099056928169e+00
-2.544893799891843056e+00
-8.411821475042499330e+00
-5.018768530844071485e+00
-8.574765862918701131e+00
-4.595351233653643952e+00
-8.339692899218519528e+00
-5.761887831645005065e+00
-4.127238328270177448e+00
-1.626934914417768496e+00
-7.909240139926366986e+00
-2.069376176673936918e+00
-6.615265492425188576e+00
-6.581529464255764239e+00
-5.920878735162807160e+00
-3.888661923350673622e+00
-1.818729867967042058e+00
-9.322123103442416792e+00
-4.067014585608617949e+00
-7.987093213009212711e+00
-4.478023107131384961e+00
-2.484062884109340619e+00
-8.174962269111048840e+00
-4.363544672693710602e+00
-8.699050680466111629e+00
-2.374248586857676813e+00
-7.275670723629826142e+00
-6.316541664806975653e+00
-8.993228058282550563e+00
-7.579604093941196830e+00
-2.367676831723608100e+00
-7.423000010900443257e+00
-3.720885681906381137e+00
-6.697399974741985673e+00
-3.427795070247904530e+00
-2.009230160280728761e+00
-9.043852831276124604e+00
-6.633629088269852758e+00
-4.230341472263151381e+00
-4.773732252862037839e+00
-5.463269888173043043e+00
-3.676072774512730845e+00
-2.969060726930295324e+00
-7.179406222496775847e+00
-7.092301639766651178e+00
-3.947510309956695718e+00
-3.766881886573171467e+00
-7.888092338727040520e+00
-9.162283719648929292e+00
-6.239384546985006885e+00
-6.946980375700180232e+00
-6.789919132577634464e+00
-5.652041333237695753e+00
-8.336836143535437671e+00
-1.982200162987108216e+00
-4.138295279406305482e+00
-7.083899039314109025e+00
-6.969244368272189405e+00
-9.302923510438356303e+00
-4.034649164981463088e+00
-5.506268193021567114e+00
-7.210379877017529360e+00
-8.830547004185813620e+00
-4.649683497636408980e+00
-8.872705660673970485e+00
-8.101867108536529472e+00
-6.402093883232750748e+00
-6.329530659036878504e+00
-7.458612938649511470e+00
-8.849632477277562970e+00
-4.147843148756024334e+00
-6.218405886858384690e+00
-4.256693325508956960e+00
-6.095940795483724806e+00
-8.555423899338691740e+00
-1.933113304451018699e+00
-5.426974110632527548e+00
-2.285180126723918459e+00
-7.870544056683029588e+00
-3.222224038022825088e+00
-4.893226219679382538e+00
-5.096272071255207869e+00
-1.848134101603394308e+00
-2.064042224716256424e+00
-6.784451148578487079e+00
-2.608008259850831845e+00
-1.960452320755085687e+00
-5.126786634348652782e+00
-3.710140976741957974e+00
-7.945068070973260177e+00
-5.386272769899246526e+00
-4.227330684584079457e+00
-7.584251704797640770e+00
-5.109303447340938220e+00
-2.128198446258098286e+00
-1.749423218118517642e+00
-1.698864762755833535e+00
-3.603572094160437445e+00
-1.619263950023593024e+00
-2.810085958617774882e+00
-2.667998145565468882e+00
-7.959335497471914600e+00
-2.047109283956342285e+00
-9.098102710644086599e+00
-4.575589236569770790e+00
-8.137982166362959902e+00
-9.032112266641465936e+00
-4.289896073948287203e+00
-3.886352795243572800e+00
-3.299953933100636672e+00
-8.449847958826991245e+00
-2.089331645468619936e+00
-2.153925015312583291e+00
-1.860614592481151686e+00
-8.957514812638351032e+00
-9.487489917757937263e+00
-8.323724979732173068e+00
-8.777478724721159864e+00
-2.637502788991293201e+00
-8.165910758348189802e+00
-2.446337494958551240e+00
-4.446153141241708795e+00
-1.780866955442369726e+00
-7.870630431824723772e+00
-7.161379245786158698e+00
-7.871512886366184958e+00
-9.166166098585829758e+00
-3.869136043351460774e+00
-2.389989114703604756e+00
-2.009141711873210223e+00
-5.346605321351718842e+00
-4.095312516238390543e+00
-1.596829810590835841e+00
-8.580459259558384844e+00
-4.219446441636385714e+00
-7.123917051638573916e+00
-7.865051211874124704e+00
-2.726271891273085668e+00
-3.899928641451333888e+00
-9.387268465133283613e+00
-3.031452252128874925e+00
-6.295667775310015202e+00
-4.431219800572129941e+00
-6.678249132120976483e+00
-5.344146480791400755e+00
-1.717184087676702831e+00
-9.012130344479984956e+00
-7.182300008052669327e+00
-5.322388149966770676e+00
-5.684679826384726908e+00
-3.691931448100045365e+00
-7.842213431163216342e+00
-1.880677503530598926e+00
-2.025796310650811449e+00
-2.563586428234604586e+00
-3.841861195268632567e+00
-4.027450110807835770e+00
-2.468492363686697999e+00
-7.654201535019835134e+00
-5.444045316118851119e+00
-5.263866854789670313e+00
-2.192017517499404988e+00
-2.875479630152563360e+00
-2.575766228926514412e+00
-8.210269461818665349e+00
-2.490577098703045333e+00
-3.381217723221799698e+00
-9.223624021671520623e+00
-4.660234084218069839e+00
-3.495121705830496861e+00
-5.139859820850894323e+00
-4.422982429231139712e+00
-2.344505617956079480e+00
-8.569519534962692475e+00
-3.322838565234742525e+00
-4.425039049994842877e+00
-9.251829720286776748e+00
-5.824148666757500870e+00
-3.654381390150332365e+00
-8.397272383356169101e+00
-7.748569699383998532e+00
-7.546200673237105860e+00
-6.901280542632219017e+00
-7.843642344262040211e+00
-2.765308089042258999e+00
-9.068905467509560836e+00
-4.762475148050692830e+00
-8.292411182794696245e+00
-3.602050482108012375e+00
-7.461605227660522033e+00
-6.025506739750521312e+00
-7.102241475249534197e+00
-8.493860417677115748e+00
-5.999948386540681078e+00
-7.047796493413136076e+00
-8.636703252919849305e+00
-6.192826179445056312e+00
-3.115291312727359596e+00
-7.824514921808198409e+00
-3.138535969922470859e+00
-3.315015435803783106e+00
-5.700848845023784861e+00
-2.292951751383125458e+00
-3.126748770648388298e+00
-7.452475408631411113e+00
-5.106210078449437972e+00
-8.139743731428104923e+00
-8.569654812047694747e+00
-5.332539832090495757e+00
-3.201853267504465528e+00
-9.032581681702334109e+00
-2.530188780076636057e+00
-5.483100931573064329e+00
-6.260442181960132579e+00
-6.218129709071663846e+00
-7.111596134151899840e+00
-9.237612550306634418e+00
-7.381924871418003242e+00
-7.243980753292968089e+00
-3.226341320071791863e+00
-6.095937064860406096e+00
-6.395151707574288302e+00
-8.604949821345190486e+00
-8.902714118354445816e+00
-3.537222055446698654e+00
-7.281069559117478107e+00
-2.323350253970787982e+00
-2.611877498033109646e+00
-5.736581364815204864e+00
-2.649627065295590445e+00
-4.862874549553334091e+00
-5.538008141515974536e+00
-9.040108318235704488e+00
-3.033654876587124960e+00
-3.270052868813651870e+00
-4.069283687751621414e+00
-9.160556452266352068e+00
-8.621099968239766653e+00
-5.798763980364126880e+00
-9.276637390168364306e+00
-5.638633177299189114e+00
-3.038294941715559805e+00
-9.292954859258896860e+00
-6.926138928939547412e+00
-1.764595557717048013e+00
-8.948844103069793832e+00
-6.840978581732341191e+00
-6.684743882545536309e+00
-9.478131876237801734e+00
-2.934406266000810337e+00
-5.568148680932925920e+00
-1.794062434642683890e+00
-5.090100701770890801e+00
-3.922112469400682588e+00
-8.096182437405895271e+00
-8.258955091750799227e+00
-7.934445242276391141e+00
-4.601063104885692923e+00
-4.391400868869151708e+00
-6.793091631447059520e+00
-6.171978771388220153e+00
-8.039226312462501411e+00
-5.036917264399646932e+00
-7.213258226303365106e+00
-1.912032657436631089e+00
-1.733590273645340574e+00
-5.314812402997347363e+00
-8.652326881387441659e+00
-5.428997130033326179e+00
-8.756420138929405184e+00
-6.899153914988253256e+00
-7.538339547162424381e+00
-5.868752862548940463e+00
-9.288481912052693801e+00
-3.912370379026965050e+00
-3.031335647169642655e+00
-7.989186591558600448e+00
-4.022708279379813234e+00
-2.890539413126652857e+00
-3.553332457135055300e+00
-6.125687745799269557e+00
-5.267332988663953941e+00
-8.865785893990986821e+00
-6.990722955910143810e+00
-4.983775718510798924e+00
-5.204980129403476319e+00
-6.435083209396573523e+00
-3.391453543137719073e+00
-4.988463396782441883e+00
-2.657883381933740630e+00
-7.051349354450278106e+00
-9.555027586417338625e+00
-4.116455213009865055e+00
-6.433094209532892904e+00
-6.689460405070103199e+00
-8.268019177848191958e+00
-6.540232117182217308e+00
-3.628030632192710936e+00
-1.929387436273965584e+00
-7.689582141466753562e+00
-5.605887093257118536e+00
-7.299892459646738274e+00
-9.438676197941671120e+00
-2.416410605210239204e+00
-2.819207158341243691e+00
-8.741163666658579245e+00
-5.270941862556023594e+00
-4.954593624386001594e+00
-4.822115211389955469e+00
-3.782029439736577459e+00
-4.291972296936948261e+00
-5.874336749420732140e+00
-2.712230812095273613e+00
-6.285359752388884225e+00
-2.710658975653184477e+00
-3.105706603181995984e+00
-5.147054812324525663e+00
-6.334454567870783315e+00
-2.473256349086684125e+00
-3.810247147703327730e+00
-8.316086082782659261e+00
-2.821473687282229026e+00
-7.618570687542332465e+00
-9.320978998792368131e+00
-2.648383777716575516e+00
-5.638090087641558057e+00
-5.943278862368490678e+00
-3.885964710251715637e+00
-4.602618521013215336e+00
-9.506413008799238895e+00
-4.812833590220503943e+00
-1.608132137644913362e+00
-5.935301155821652408e+00
-6.911788290704940607e+00
-8.287464046488407732e+00
-7.070387407355220866e+00
-1.759738879317892080e+00
-4.347468489449995310e+00
-5.929856645087189904e+00
-2.909908052291768854e+00
-5.969740715627056993e+00
-5.356485920664463940e+00
-4.338706518460757167e+00
-3.088919984401410357e+00
-2.974656545055136103e+00
-6.542548905367691958e+00
-2.226862880258775768e+00
-7.167904863928919568e+00
-5.532568283639881734e+00
-3.117894028026750419e+00
-7.645071254491234924e+00
-6.821378861433715635e+00
-3.102162824144163444e+00
-2.324042725129862763e+00
-9.456752703545854288e+00
-5.960073394303356586e+00
-7.921491852051566696e+00
-4.216240242576245301e+00
-6.233979363215603975e+00
-7.110392768251990070e+00
-5.160615044061565904e+00
-9.399052852877247233e+00
-6.603266289575195458e+00
-6.941441415282489480e+00
-7.813388995975107498e+00
-2.889812955588455967e+00
-2.440760921357483237e+00
-2.589690595875664858e+00
-6.514738738159833176e+00
-5.499869020230504724e+00
-3.035079940857245528e+00
-2.452092131962065213e+00
-9.315302684161858693e+00
-1.823824923462494141e+00
-7.584817035225908555e+00
-2.093161829435886467e+00
-2.448502719097235492e+00
-7.335807258731733782e+00
-9.191280962095190077e+00
-4.144767267671455535e+00
-7.919725904242559622e+00
-2.227517397334411786e+00
-3.305777063812383787e+00
-3.152200560471823287e+00
-2.088666584234358137e+00
-1.997985184916890589e+00
-5.843187293496113099e+00
-6.113385544035756070e+00
-2.492350542545083147e+00
-6.149688089232549615e+00
-7.310039185485798008e+00
-7.158818378969860952e+00
-1.637451007830375671e+00
-7.192513020689326630e+00
-9.311798001842824135e+00
-6.858551584043379279e+00
-7.149262879367797474e+00
-2.513888548992258443e+00
-3.758253862217832086e+00
-3.572603366896372368e+00
-1.678400333105159126e+00
-8.515115399217062730e+00
-8.856724029561966915e+00
-8.798248194416800061e+00
-6.944083457689745664e+00
-8.202040065305718386e+00
-5.081779945909062235e+00
-3.318788676191789744e+00
-2.271857502349440949e+00
-3.287874144704724166e+00
-5.478141960255523024e+00
-6.762816332846477430e+00
-3.224752774853769655e+00
-5.054230215065019571e+00
-1.846078533915575637e+00
-4.556517306092780828e+00
-5.476906357781484047e+00
-3.339216523392132263e+00
-3.652548116300760928e+00
-9.111614120993682064e+00
-8.690997027093549931e+00
-8.017550995453857965e+00
-6.031350255348252531e+00
-7.855712422497662217e+00
-3.292969979970896688e+00
-1.601533230460419510e+00
-5.580365998293277841e+00
-3.057065652735156291e+00
-3.303730626849185725e+00
-3.127882279600273652e+00
-7.268157786774827933e+00
-8.934028104684431426e+00
-7.529527808175370041e+00
-4.920405085227015363e+00
-9.425800714755052212e+00
-6.687218864587808120e+00
-3.498655853458862097e+00
-2.011203905265408487e+00
-7.359450400620686672e+00
-3.939512100227388292e+00
-7.216617450510364407e+00
-7.606510754544326680e+00
-9.081257779791577889e+00
-6.302682443128669654e+00
-8.134530272074584900e+00
-2.340100724192054393e+00
-8.187449016371422417e+00
-7.897085810829301167e+00
-6.684508871852134604e+00
-3.092348377148649075e+00
-9.487388400168557112e+00
-6.564143788488844500e+00
-8.882839308563905689e+00
-2.187066274057893001e+00
-2.854946258972473228e+00
-9.276680559772286117e+00
-3.204437332647333658e+00
-9.186944946923700783e+00
-4.138933924255238317e+00
-1.607490853896403227e+00
-6.531221499369481265e+00
-3.952020609866429446e+00
-7.115307790350819062e+00
-5.795702922905209498e+00
-2.952943924249837870e+00
-9.325383430551736907e+00
-8.740779507472108634e+00
-8.917262125149312268e+00
-7.698525411863339052e+00
-6.681571553404307195e+00
-1.760801712425146270e+00
-9.254422964180125888e+00
-8.804512424134845361e+00
-8.197570691001857313e+00
-4.631497625842624366e+00
-8.289175081508160403e+00
-3.461555866348307475e+00
-4.994004371125724262e+00
-8.323892851843725182e+00
-2.769282199707081560e+00
-5.433596018933134708e+00
-3.328297438439789868e+00
-7.128590421054656012e+00
-4.122476210024745846e+00
-5.612413509591987371e+00
-6.481895723616162286e+00
-9.319966211810895018e+00
-7.649127095131885490e+00
-2.589111429499625139e+00
-7.601849503900528937e+00
-2.148050996181392058e+00
-2.241175897859051247e+00
-4.894919463089762779e+00
-8.136643148695329231e+00
-7.057063890111884952e+00
-1.597028111185210486e+00
-2.186868620430821419e+00
-8.080700589404026246e+00
-6.028789078478577146e+00
-7.117960212685694010e+00
-8.331934640327943953e+00
-7.169066837476174570e+00
-1.956042749470965569e+00
-3.027280276718257390e+00
-2.924534798461140284e+00
-7.179565961642630612e+00
-7.713704651803213075e+00
-3.606053494346369348e+00
-2.982450047493384382e+00
-6.605081622824990895e+00
-4.988366270305291117e+00
-3.903500929041653578e+00
-4.245223632653032375e+00
