-5.670119649298347220e+00 7.938989231877520147e-01
-4.950113224088835473e+00 -2.660570384584719950e+00
-2.213532435188999337e+00 -2.349213935433068112e+00
-2.955011928697627965e+00 -2.953181999773316080e-01
-8.569627744199820540e+00 -1.541897238936982939e+00
-7.971531986612269804e+00 -1.285073541626168714e+00
-8.367948489284170677e+00 -6.309329175558766600e-01
-7.251180887717307399e+00 -9.343782138491427691e-01
-4.150709558988841863e+00 -2.416656320668969737e+00
-1.901562775743603328e+00 -1.141510851249748493e+00
-8.304098852416688104e+00 -1.438957161947568064e+00
-4.936735340548536577e+00 -4.133529371507037031e-01
-9.046752922123646456e+00 -5.253543120570294267e-01
-6.722574984319738434e+00 -3.343968467427787861e+00
-3.462364082328750037e+00 -3.277325886814605571e+00
-7.819687293783258220e+00 -4.296625750969580437e+00
-4.382853586941511281e+00 -3.240772633446959539e+00
-4.595261953768497776e+00 -2.280679171127324434e+00
-4.000432624678938787e+00 -4.396185731152353782e+00
-3.601205897913727139e+00 -2.761386655481607444e-01
-2.035906168989874754e+00 -1.981973664950393621e+00
-6.927711275231692056e+00 -3.318428169860610844e+00
-9.148307529436086938e+00 -3.983314358953747858e-01
-8.206093363095021687e+00 -4.455004871447999781e-02
-7.357359027690749009e+00 -1.532799561032110180e-01
-4.614782833137059725e+00 -1.808932048541109561e+00
-3.225357031556293830e+00 -1.891348134611240184e+00
-2.960100853615685867e+00 -1.561387152480288865e-01
-8.145471272488029157e+00 -1.872838799542623889e+00
-5.183443529573516173e+00 -9.501607899480511710e-02
-7.915304298924969117e+00 -2.602698485104100623e+00
-2.866852212907879061e+00 -3.814530776017687197e-01
-8.203529297572298873e+00 -1.288632520890634847e+00
-8.842284985167605527e+00 5.911161115898211360e-01
-2.266879522286668891e+00 -3.246032117276048456e+00
-9.279460536847576435e+00 -4.071656208365380891e+00
-7.448091631300854054e+00 -3.085721640435937108e+00
-9.530728100672073211e+00 -1.438520124715722215e+00
-9.425838490943824866e+00 -8.106025915365083767e-01
-9.004088386887652007e+00 -2.686008691289945904e+00
-3.710256942623787690e+00 -2.668596910817467638e+00
-7.057239252672823149e+00 -1.274950909913531438e+00
-7.250153825771686655e+00 -4.057860953732244091e+00
-8.979900312860220168e+00 -3.806724251042857610e+00
-4.932178780239303784e+00 -2.537888681767524357e+00
-8.287934808519672458e+00 -2.853281563568017543e+00
-7.686471537164693224e+00 -2.405373012452203696e+00
-5.211714379881875914e+00 -2.508865413447777470e+00
-6.157249602141788181e+00 -5.403992366884849963e-01
-6.344845479878946648e+00 -1.824406539363961688e+00
-8.075619104285220118e+00 -2.063061466827484480e+00
-5.105285049478995418e+00 -2.548746039780951822e+00
-5.204551069398806185e+00 1.346030994069234987e-01
-3.083521264989071309e+00 -1.457993179928941396e+00
-5.111293316030110390e+00 5.658632973880618477e-01
-2.134910413110942429e+00 -1.204235765922234025e+00
-7.103084822694549771e+00 -4.208547381175943514e+00
-9.378133681432736068e+00 -1.920225703408927620e+00
-9.469634951932475175e+00 -2.090165645317217269e+00
-2.619550321210684096e+00 -2.825442550414581921e-01
-8.490697944745058123e+00 -1.324818695517729461e+00
-5.497896525437619530e+00 -1.819032387734597522e+00
-7.297239002876595215e+00 -3.077256007973012686e-01
-2.455513849442555241e+00 -3.498057768949354163e+00
-3.682766983300068464e+00 -2.562698424398544894e+00
-8.747662213644842311e+00 -3.621231277543179417e+00
-7.538419228401777694e+00 1.838518167280832061e-01
-8.150267224241133590e+00 -2.192382394582740535e+00
-9.528412822216301592e+00 -5.575494557883808877e-01
-8.892184715722160959e+00 -1.556023918846353382e+00
-8.906326125226241786e+00 -8.385711168831960771e-01
-7.959499704013594190e+00 -2.563664138100508083e+00
-5.235443151711529630e+00 1.802675972464525822e-01
-5.288152179657948260e+00 -1.257484315582424683e+00
-4.033268702268657968e+00 -2.728993865517698181e-01
-2.522532026673711680e+00 -2.817132740008080116e+00
-8.797624425729011932e+00 -2.120326567043137711e+00
-6.853268995863533775e+00 -9.837097605860857241e-01
-9.375815001551901062e+00 -3.610407588999014372e+00
-8.134931352083377476e+00 -1.498315033769973548e+00
-8.487298964669092172e+00 -1.442604000059546365e+00
-9.169609597635131948e+00 -1.758265963333693227e+00
-8.581855148631557739e+00 -1.581961301305974565e+00
-3.342216281512739418e+00 -2.080179312261355218e+00
-7.342706565652828310e+00 -2.225296372647970422e+00
-5.635804604789173666e+00 -2.359766892918677250e+00
-7.353995348202277960e+00 -2.164712769660929848e+00
-3.476475428624562714e+00 -2.168961185603076380e+00
-3.199440778039078115e+00 5.121517173298934661e-02
-9.194286679150227570e+00 -1.863795703146810645e+00
-1.652822011545149961e+00 -1.135189027233976189e+00
-6.277589826491392522e+00 -1.010729010078102785e+00
-7.051869049948740198e+00 -1.788620861029440734e+00
-9.231696203559623726e+00 -2.255854205023540171e+00
-2.385064592403966621e+00 -1.775806458197190407e+00
-7.920993707005289153e+00 -1.756941212393898777e+00
-2.859378992441573786e+00 -1.773748827187365151e+00
-3.603154692469228149e+00 -8.250930943178080845e-02
-6.667658206261497078e+00 -2.767749134887268481e-01
-7.961415503489116752e+00 -3.252380987109117605e+00
-3.468374566636915901e+00 -1.207353093291209767e+00
-2.501572137741818302e+00 -2.922398812556139980e+00
-2.669013416327617794e+00 -1.936929653979204691e+00
-4.239227380867776951e+00 -2.733752523961320957e+00
-9.015854967082741922e+00 5.392970557813516752e-01
-8.221817483502901425e+00 -1.653582179178357814e+00
-5.803919147452158533e+00 -1.478326751515311566e+00
-7.295059232706336161e+00 -9.871278179822141619e-01
-8.598194190128040759e+00 -2.492371200463308956e+00
-2.890385960120061437e+00 -1.018321420319330040e+00
-1.661279958248035316e+00 -3.762515668785253009e+00
-4.373835806177080343e+00 -2.024618027626855277e+00
-4.750062190160194930e+00 -2.609406767746088818e+00
-4.851237329591252312e+00 -7.145336721268713553e-01
-6.929537322734638849e+00 -2.194247363466994116e+00
-5.442031613439424653e+00 -1.374450231342114082e+00
-3.134468699675567738e+00 -9.480758059175982411e-02
-5.823624030293187204e+00 -1.615132208104623324e+00
-6.181304322558609066e+00 -1.406504825784003376e+00
-8.245128062045527173e+00 -4.724526560422667165e-01
-6.552426551958413725e+00 4.684501527072220672e-01
-8.871515780565747633e+00 -2.362802189548515397e+00
-5.605035641203382824e+00 -6.618904386721455868e-01
-4.342780161065040723e+00 -1.998407646919396319e+00
-8.164101811134445441e+00 -3.928328465840881467e+00
-5.746789796295134423e+00 -2.135801488994855113e+00
-3.030143782690239984e+00 4.974672554379544476e-01
-5.649748653162135703e+00 -3.338044832605604917e+00
-8.768859695670427001e+00 -2.157937226487332438e+00
-6.104062771672353449e+00 -1.233488333269376014e+00
-6.050155691521417189e+00 3.564471294756564879e-01
-8.770725621305635045e+00 -2.073395502572490390e+00
-5.147797612957711877e+00 -9.655054257183255384e-01
-6.558366458987025638e+00 -1.409390732151441838e+00
-6.109078529635331378e+00 -1.126652180384545843e-01
-8.293545974861004311e+00 -4.569659741451862489e-01
-8.941560610385483443e+00 -2.339217715752994309e+00
-6.139196781534081104e+00 -4.200925769300172807e-01
-7.585086101689969773e+00 -3.245127250460754453e+00
-8.440434563557278835e+00 -2.204041263857382749e+00
-6.717197517759161407e+00 -4.747396203189557101e-02
-3.421397095216829776e+00 -2.241033028792531745e+00
-6.982723491681338324e+00 -1.170024790383008328e+00
-6.924122672745520291e+00 -2.553260546082951166e+00
-3.089278977639822177e+00 -1.466883225159570647e-01
-1.810543859067683670e+00 -8.687501456949457967e-01
-6.719273217153292066e+00 -2.559968942283943338e+00
-2.904990725744676094e+00 -1.735631880188560849e+00
-6.349643772332964176e+00 -1.224320515528836584e+00
-2.330967372917385649e+00 -3.706580339814416813e+00
-4.625532230976935999e+00 -1.940610946706443407e+00
-3.856735531880253642e+00 -2.356133619209092700e+00
-2.825836448180731875e+00 -2.579083965866563855e+00
-8.851644635926824378e+00 -1.454023509969369243e+00
-5.782124995723014749e+00 -2.098530505087842002e+00
-5.451068572995753314e+00 -8.731901314710404094e-01
-5.616531422363911119e+00 -2.992598176087311046e+00
-4.746088039390511604e+00 -8.245694602670616824e-01
-4.525872762725262177e+00 -1.866276884523179191e+00
-7.592475157602224023e+00 -3.192709678721203037e+00
-7.042399521874655122e+00 -1.450041947931560271e+00
-7.349889905007586322e+00 -3.400498928972392587e+00
-1.625158518527645368e+00 -3.007481144282603935e+00
-8.582701945547876576e+00 -1.231243526222676410e+00
-8.839426129716230207e+00 -1.745951312614903328e+00
-2.143517498083721939e+00 -1.344884532333449512e+00
-5.697043550942240131e+00 -6.168499859198017798e-01
-4.526950735457970332e+00 -1.231420951790791030e+00
-3.297608812003675283e+00 -8.870665489598152931e-01
-3.341928744654610650e+00 -3.383729841517459924e+00
-7.866389849261214096e+00 -1.470632296955779239e+00
-4.072084675132886744e+00 -1.898866854964199602e+00
-9.333013432357274652e+00 -1.921794457368159792e+00
-3.988326598417057500e+00 -1.951582135423371112e+00
-5.021375193554908023e+00 -1.083756663300351197e-01
-9.410696977209381586e+00 -1.813032702212129310e+00
-8.155180252356249326e+00 -3.007584660508714869e+00
-5.230705637263670660e+00 -2.393725003232070492e+00
-2.740998775665750120e+00 -1.874550460470414404e+00
-9.502895955916541126e+00 -1.255504112314907550e+00
-6.243338998417820029e+00 -3.432014150754049808e+00
-9.487135373351032186e+00 -1.101663395849551641e+00
-7.107728823537919460e+00 -2.257909233055623854e+00
-2.021289648890880475e+00 -1.390256987688129220e+00
-7.701896552620739911e+00 -3.676989782347180657e+00
-2.690531213847824343e+00 -1.924168747928817869e+00
-2.215211830340294341e+00 -6.992986753388878984e-01
-3.156961201162912456e+00 -1.612527094500252778e+00
-5.104734673924413713e+00 -2.824757555978501422e+00
-8.126860532357818911e+00 -3.829768771613742961e-01
-6.138973800202666808e+00 -2.909095828369978154e+00
-5.474787168455824471e+00 -3.317755671935348261e+00
-2.690778572427926729e+00 -2.926429218585890890e+00
-4.367088468629980902e+00 -2.162303450423165962e+00
-2.010945644005222022e+00 4.845821257383536862e-01
-2.800292249482190243e+00 -3.115424603654103120e+00
-2.117364440189115626e+00 -1.094429121791748116e+00
-4.461293414368082466e+00 -3.326685949757901550e+00
-1.970889469066393396e+00 1.500086040512943995e-02
-2.318639165324332563e+00 -3.367254536615565730e+00
-6.794334515851556233e+00 -2.600938974273436344e+00
-9.067184260132666651e+00 1.960809290903789415e-01
-7.518897208181723357e+00 -6.743271415740531571e-01
-2.219045229521938722e+00 -1.389848351330656984e-01
-2.856125910516883692e+00 -2.775702998541888622e+00
-6.258928545713175140e+00 -1.138877728222690511e+00
-1.757631914399037321e+00 -1.129038683141898369e+00
-8.718077975297800819e+00 -2.196442889310153301e+00
-5.339438691775428403e+00 -3.300182485023634094e+00
-4.504399349034263977e+00 -2.651507254294889204e+00
-5.904609865423478432e+00 -2.545703859074155417e+00
-2.791887908276255992e+00 -2.096827650358397577e+00
-9.212842367116270026e+00 -2.143907505931450075e+00
-7.665899321287205304e+00 -3.751350238966674855e+00
-7.300094613851920045e+00 -1.001564265838503553e+00
-8.732788342117830283e+00 -3.196509529428586127e+00
-4.299698082264869825e+00 -4.954865296070150027e-01
-6.624558213526216655e+00 -3.147383251230717160e+00
-1.633094359546253482e+00 -3.756489210897686615e+00
-7.335646564284889592e+00 -1.376664897595897719e+00
-9.261135609758010645e+00 -3.558223395479173323e+00
-3.077889250079183014e+00 2.379828963505072892e-01
-4.471179904327589938e+00 -3.544477329617748751e+00
-8.550702884987877894e+00 -1.938819154877947870e+00
-6.270688876369247211e+00 -1.300069786619423295e+00
-3.001238326405595291e+00 -3.129655698019056853e+00
-7.001879078829595038e+00 -1.348266153012829038e+00
-9.065861368097097639e+00 -2.818899635481337373e+00
-8.733720421688959235e+00 -2.851358897193196018e+00
-1.935912582934199877e+00 -6.317732886142917170e-01
-6.166224227696813109e+00 -1.796127601014497976e+00
-6.210793231838041883e+00 2.606224754879076233e-01
-5.205801537142427549e+00 -1.358055842004570746e+00
-3.985462962338313986e+00 -1.375988923931815489e+00
-2.643228499792283692e+00 -1.280075168451833001e+00
-5.856149973475668347e+00 -2.061919158826567511e+00
-7.382716885161440423e+00 -2.397751460563241732e+00
-2.697028603812884562e+00 -1.327682272461004009e+00
-7.896583167316761021e+00 -3.423694439050396277e+00
-5.967031067383815390e+00 -3.319727016769502104e+00
-4.032953025146102100e+00 -1.189826464123619809e+00
-6.976191663719848002e+00 1.656987257910517708e-01
-3.779178122547696361e+00 4.801145790832360705e-01
-8.130761885443988035e+00 -4.031317409356619308e+00
-2.972835295523989174e+00 -2.737670023424076060e+00
-9.132594243189153360e+00 -2.888397950123916758e+00
-3.577569817579990374e+00 -2.148727923217352842e+00
-8.847218821639954101e+00 -1.992382725519289410e-01
-7.689002493125930648e+00 -1.315468352343299285e+00
-9.165300475667445212e+00 -2.042503380427971305e+00
-6.664682141663202053e+00 5.102022285982603655e-01
-6.043818691598358050e+00 -1.589604055152986417e+00
-7.555293845574956535e+00 -3.321966951478236396e+00
-6.518394203169445511e+00 -1.981052777634521478e+00
-9.420072839744788595e+00 -2.284226649558329103e-01
-8.728071394230697777e+00 -2.287460112712000893e+00
-9.515516718919531769e+00 -7.693409476054441365e-02
-3.817840815687189249e+00 -1.048405391666656028e+00
-1.650770960297412548e+00 -2.920806767538915771e+00
-9.199292869863798572e+00 -8.907500914790030810e-01
-2.851620519982311919e+00 -9.330508563936109612e-01
-5.790979016098936505e+00 -2.217944345017085706e+00
-3.793377293389207594e+00 -1.615268665516526037e+00
-6.338912797902354512e+00 -1.523690613111632564e+00
-4.524642165640694991e+00 -7.896936610034552828e-01
-4.019025259496523894e+00 2.398503046579502501e-02
-2.054986243646577559e+00 -7.454706102087835795e-01
-2.169509178302619024e+00 -2.513974189295977268e+00
-7.799066776601721429e+00 -3.033992535208232866e+00
-6.690990421418227641e+00 -2.557666890347037647e+00
-7.074982487221005201e+00 -1.333578742982327814e+00
-6.490964576929332708e+00 -1.291129338497833956e+00
-2.868940548590849016e+00 -2.135219639412328174e+00
-5.074816180206062732e+00 -2.087980862084396705e+00
-5.980726414766576404e+00 -3.219771198233958742e+00
-4.649288675451050068e+00 -2.245085874907677859e+00
-2.997985117721774007e+00 -4.952736826148030902e-01
-6.391486277660232140e+00 -2.805639049202176327e+00
-4.021235848908669475e+00 -1.791473065013072574e+00
-2.759574173259763619e+00 -2.381536224242461142e+00
-5.631186380771189270e+00 -1.450363887585939260e+00
-9.482035839386842468e+00 -1.911284585925373092e+00
-3.529041692264073049e+00 -2.314507209224241802e+00
-6.273940161208231281e+00 -6.708018112549889445e-01
-2.953572598709184760e+00 -3.932264288669603314e+00
-4.480090166340363389e+00 -7.424217155198021834e-01
-9.264201025017914759e+00 -2.265106485881679621e+00
-2.701317984300062314e+00 -4.704720098721082988e-01
-3.527503375874465164e+00 -4.074536208686569516e+00
-7.463662172836585285e+00 -1.299197838061167287e+00
-6.140490270673613082e+00 -1.576289151111089915e+00
-8.503079249191264566e+00 -3.135925252929186335e+00
-4.537692471544000128e+00 -2.316170804607784017e+00
-6.432877184498313028e+00 -5.112108295653595702e-01
-2.947420532847794927e+00 -3.769341118645227695e+00
-2.474365667130093538e+00 -2.162521852591562155e+00
-5.612713580051671869e+00 -2.199844501395882723e+00
-7.660296896504302566e+00 -2.879392184836188306e+00
-8.424988374858880746e+00 4.839619084442750019e-01
-8.502579658024650655e+00 -1.048508451660836727e+00
-4.069044605837688344e+00 -1.798543521309976745e+00
-2.501628055164601960e+00 -3.201030545228246815e+00
-9.123960582791562857e+00 -2.260373351666101094e+00
-9.040259777858652868e+00 -1.014891173302302940e+00
-3.413270577383322735e+00 -2.140601011196192172e+00
-6.796007933204313289e+00 -1.092998444632421906e+00
-6.458309671572175503e+00 -7.359945140560508747e-01
-7.318697736610451088e+00 -3.457395593996774319e-01
-4.444144475178371856e+00 -1.147413891179177442e-01
-6.550755366904231991e+00 -3.059138020722680817e+00
-9.174417372177909868e+00 -2.766339369148838045e+00
-1.731652648091689173e+00 -3.460175254237416897e+00
-2.496491005205875968e+00 -1.478495751949338022e+00
-2.852408478719862028e+00 2.171156392399707646e-01
-7.507779696748873910e+00 -1.468444543735299979e+00
-3.375293621751997986e+00 -4.290701101309704057e+00
-7.931782715528483685e+00 -2.286755697919701458e+00
-2.206563600761580535e+00 -2.610245637161603405e+00
-4.351492207331829398e+00 7.092365197286405742e-02
-5.311471322486005064e+00 5.931252470724067694e-01
-3.684011917291504457e+00 -1.965173259165926112e+00
-8.236579670262223374e+00 -3.226436407639013737e+00
-7.988027348746983058e+00 -1.210042174927167924e+00
-7.294246264328611673e+00 -4.165800755969754299e+00
-7.770687398012032787e+00 -1.623232857600082957e+00
-4.601653932959875348e+00 -1.018019435193186606e+00
-7.648161188995344695e+00 -2.165376504232523036e+00
-2.121196923307004045e+00 -8.982205235636586682e-02
-4.994375190022971367e+00 3.168235662651804063e-02
-7.784032047981849445e+00 -1.625984092818364646e+00
-6.156097864837413169e+00 -2.374762648135253951e+00
-3.119637498778946583e+00 -1.776454736368701104e+00
-3.590376265380002430e+00 -2.549643620212413531e+00
-6.454983532500716770e+00 -3.850317642795320960e+00
-2.140324024755434262e+00 -2.650706628030602641e+00
-5.781047835625735765e+00 -2.577852146012324486e+00
-7.582309134148539798e+00 -8.614660900403390276e-01
-5.202594752677344836e+00 -3.735393768996849051e+00
-9.357915511305733958e+00 -6.299065837923094602e-01
-1.742435983314577719e+00 -2.480301072015819841e+00
-1.663972068469682153e+00 -1.180971174263420131e+00
-3.124727346278225681e+00 -1.886518328027101399e+00
-8.661991870070917088e+00 -2.032803598064093720e+00
-1.845208574189624917e+00 -3.800399553595703583e+00
-8.886315096932113633e+00 -2.053165610006227215e+00
-5.399047015382655523e+00 -2.724055291791405597e+00
-7.104883842890051149e+00 -3.158394527729714074e+00
-8.947077400134098468e+00 3.548999367930851245e-01
-7.132839006100476276e+00 -9.306041346052931207e-01
-6.002995350463948832e+00 -2.262039436698031203e+00
-2.591871180012504716e+00 -1.876156399435445543e+00
-3.647360461096567086e+00 -2.109449720595300892e+00
-7.381217572937348592e+00 -2.675266421174383069e+00
-8.394840513441243601e+00 -2.929965569947736714e+00
-7.689969099778716455e+00 -1.815719581684480666e+00
-6.446040855014579130e+00 -6.818616047849639372e-01
-7.142316556083458501e+00 -1.596489409497836798e+00
-6.991995981576184072e+00 -1.816480370664996125e+00
-6.704938318980334877e+00 -3.078658493845127797e+00
-5.912016762463593089e+00 -2.102497367923461979e+00
-6.099449185398070128e+00 -1.263857064648933770e+00
-1.999156591331320287e+00 -1.174010333640232578e-01
-8.857168740398508433e+00 -1.623143370675249164e+00
-6.805452414551949047e+00 1.103868828895552927e-02
-4.559782115631544563e+00 2.703573361857716240e-01
-5.297232608128297215e+00 -2.205581812392735763e+00
-5.162208099698077035e+00 -2.061781053727780755e+00
-3.644355349915848752e+00 2.731377274333826044e-01
-5.406219993870069018e+00 -3.144007007799216158e+00
-6.355627455397367953e+00 5.276566924846272100e-01
-6.476465682544561453e+00 -2.970231514746965118e+00
-8.594144332686157739e+00 -1.415682291737354825e+00
-3.308424888094040117e+00 -1.271446592863054725e+00
-8.437944627500097994e+00 -2.921882744103556195e+00
-7.701331886168103935e+00 -4.406678784021262341e-01
-5.718089847538452730e+00 -1.138629685838710853e-01
-5.225305982006244854e+00 -1.674799334416132046e+00
-3.090793384848800507e+00 -1.993075077833806441e+00
-6.111257228534306307e+00 -3.937145419832925874e+00
-5.423930151678906242e+00 -2.353948497853954436e+00
-2.054301109837475270e+00 -3.309605613380451228e+00
-3.370624648803689727e+00 -2.244188082495651937e+00
-2.222426355912527907e+00 -2.435708704582759232e+00
-9.281567138322667887e+00 -2.121865653249509265e+00
-9.248244948810675936e+00 -4.174630191222715170e-01
-3.031804446246229467e+00 -6.860138854061054170e-01
-3.066698647130404076e+00 -1.953862746515768523e+00
-5.437778138530439342e+00 -2.028490172900009103e+00
-4.272774790607807738e+00 -1.983068633376283474e+00
-8.584085253344317934e+00 -1.010296446990691877e+00
-7.768032124799117533e+00 -4.057056461462961394e+00
-2.736526665795043112e+00 -1.109582772277356799e+00
-8.967467636718717827e+00 -1.759731081003876874e+00
-1.744115787629039627e+00 -1.743302405981601355e+00
-6.228859561789739985e+00 -1.411184837724383412e+00
-5.730185486589229882e+00 -3.038025718752430215e+00
-2.840320623826442237e+00 -1.952846042675475957e-01
-6.112422743172134076e+00 -3.134694813728307494e+00
-5.670577430760018522e+00 -2.202166796185678788e+00
-8.656939314919677386e+00 -1.426160200086241669e+00
-4.692571123174829495e+00 -3.350801918527404943e+00
-6.354052670324238150e+00 -4.772592339841901787e-01
-5.804989209734698008e+00 -1.845002719024315674e+00
-8.889380986359494585e+00 -3.023774014609710736e+00
-1.666488226283518115e+00 -1.707508272919665560e+00
-2.569283272369974114e+00 -1.969153314063791349e+00
-6.421489011981421413e+00 -1.891123319326349916e+00
-3.815259112719239898e+00 -2.421295792930370894e+00
-5.380523461187978640e+00 -2.339829372079771375e+00
-9.432893261611107860e+00 9.882323107806179063e-02
-1.607381483434037861e+00 -2.025849162430360950e-01
-7.728465207986469743e+00 1.924195163172910950e-01
-4.057398952313777230e+00 -5.458787648749033883e-01
-2.114691157898897611e+00 -1.001551443787091822e+00
-2.203957118466865150e+00 -9.535476658189601107e-01
-8.841535088614486781e+00 -1.527234256122527611e+00
-3.206069694305460072e+00 8.891973832226801600e-01
-4.609220488052243603e+00 -1.124129146371378507e+00
-9.246132052505338095e+00 1.587200510663958342e-01
-4.571990753856661094e+00 -8.680993948358730616e-01
-7.150528808019954496e+00 -3.631971305249007020e+00
-4.294053249689818053e+00 -1.375728344141667447e+00
-3.033752027304043253e+00 -5.115769636269424936e-01
-3.119158890202006429e+00 -1.682662448756119478e+00
-5.285188351775786053e+00 -3.636580559649715383e+00
-2.691549843934686770e+00 -1.919717024115937143e+00
-3.815547233000834648e+00 -2.284437402346309209e+00
-7.569719385330357930e+00 1.627952086498164475e-01
-6.328178543956175517e+00 -3.249101262461304263e+00
-7.704648809241014362e+00 -2.801634269751527295e+00
-3.626841946460558574e+00 -2.612277248022561782e+00
-5.536989765019621146e+00 -6.255041401470998741e-01
-2.754765723173121739e+00 -2.957131820750152684e+00
-2.905692114699087725e+00 -2.597429928344651806e+00
-3.652137795618737304e+00 -3.529610473309420460e+00
-6.464279539165319832e+00 -2.600936664200502957e+00
-7.852434078178086807e+00 -2.551931630115723770e+00
-4.266366864580128038e+00 9.384443894667492125e-02
-6.859607085695373030e+00 4.895543846937882027e-01
-7.980013717357784309e+00 -2.891561049654771232e+00
-2.747823985019400173e+00 -1.017795709163372697e+00
-4.195021270816551962e+00 -2.449263927862066481e+00
-1.762365109097578042e+00 -1.734485439307144938e+00
-2.331971480938830776e+00 -2.295569610407429018e+00
-4.489538450004245007e+00 -1.555047057363093468e-02
-3.790771204922541493e+00 -6.342642491616661271e-01
-1.844686206359716252e+00 -3.241077786616867407e+00
-1.611531146244014279e+00 1.972974345453471501e-01
-6.841295138315277136e+00 -9.184669966575911837e-02
-9.317724218075797538e+00 -3.283343306895881053e+00
-2.636321678509860877e+00 -5.552803518732551957e-01
-2.106094933330248331e+00 -2.988334961007756974e+00
-4.065138636094870250e+00 -2.178949439615327943e+00
-2.239456363103979442e+00 -9.520214556901669400e-01
-2.956573288324719773e+00 -1.846582403665505412e+00
-8.191389060654277188e+00 9.450602105102300365e-01
-9.365914733152076010e+00 -1.178098445890129797e+00
-8.578688130446163740e+00 -1.794983607445463702e+00
-8.810347604791353149e+00 6.270401870925544907e-01
-4.940610217807991589e+00 -1.858972604884442159e+00
-1.948151870216707326e+00 -1.023583572573091571e-01
-2.582243411019837342e+00 -6.798284239768773718e-01
-6.833730496261890330e+00 -1.174740894512290357e+00
-8.815203263438887049e+00 -1.451034492070067961e+00
-7.665933728691297411e+00 -3.982847448528548551e+00
-2.497869939713117216e+00 -2.485068364289290344e+00
-6.092055370612392551e+00 -9.118970233884884369e-01
-9.002359917383445875e+00 -2.870291639315480037e+00
-1.908909017229154292e+00 -2.498808400928995255e+00
-5.577534016405760298e+00 -3.517774742939721477e+00
-1.886315226768775943e+00 -1.398296366251814193e+00
-2.771749003452359528e+00 -2.547354461262665293e+00
-8.885923618788073242e+00 -3.171494050631058492e+00
-2.918745508198524963e+00 -1.342928170109955355e+00
-8.367375459605149501e+00 -2.155767556650180161e+00
-2.349895136268360663e+00 -3.462885054214641656e+00
-3.799959695251176495e+00 -1.225497243591731511e+00
-2.464774943368887694e+00 -2.717715564097186398e+00
-8.045534331204684975e+00 -1.534199495753332920e+00
-6.322553996256877085e+00 -1.918068421810679380e+00
-6.307167085539090223e+00 -3.455950437659228047e+00
-7.748016432153430166e+00 -3.098618932371135504e+00
-1.923241155312516826e+00 -1.835401627803133318e+00
-6.402360502400724407e+00 -1.983861736204817205e+00
-6.923041981586722571e+00 -1.781805502339181446e+00
-3.654946207718340112e+00 -2.647457609879649287e-01
-4.779269949178754473e+00 1.528554800052457363e-01
-7.076748440590919564e+00 -1.489409750326083026e+00
-4.564295495786503842e+00 -3.835698468653985227e+00
-8.219328395611702476e+00 -1.135718609622361486e+00
-7.385239446433410571e+00 -1.857496343963428886e+00
-4.184797491737884734e+00 -1.359831212524337918e+00
-4.068141484164829791e+00 -7.249048634990298279e-01
-8.528121084121451645e+00 -2.460931639025618622e+00
-4.728219035882990973e+00 -7.042734542659967456e-02
-3.438699312309193346e+00 -1.548104993939525498e+00
-5.665245541557852427e+00 -2.728165788890290155e+00
-2.447576918132334356e+00 -1.309577999820080052e+00
-6.199755820634417880e+00 3.303760097088095926e-01
-8.175548666381688534e+00 -1.795126135271518431e+00
-7.384155169682461661e+00 -3.524404933584383004e-01
-6.029019295380433796e+00 -3.315683621717979257e+00
-6.099568212389789856e+00 -1.583585046801807783e+00
-2.984749297437238269e+00 -2.700557917987918888e+00
-6.246686080024684173e+00 -2.860088460342139483e-01
-6.120258407203221118e+00 -2.538772273268734114e+00
-1.988443514628193354e+00 -3.109781150626858004e+00
-7.107191257425585995e+00 -2.211419291463719183e+00
-2.871588668412737633e+00 -1.628867758982035729e+00
-8.420457441534006549e+00 -4.022449494015344768e-02
-6.975726844017634320e+00 -3.741423667037318879e+00
-5.468065099056927281e+00 -1.111351577653485911e+00
-2.544893799891842612e+00 -3.693256946929777684e-01
-8.411821475042501106e+00 -3.781488308011514421e-02
-5.018768530844071485e+00 -1.069371660106812394e+00
-8.574765862918701131e+00 -5.404093317423019904e-01
-4.595351233653643952e+00 -1.663248492382020105e+00
-8.339692899218519528e+00 -2.373416489231803261e+00
-5.761887831645005953e+00 -2.459094397712644930e+00
-4.127238328270177448e+00 -3.338862498959258573e+00
-1.626934914417768274e+00 -2.767946084213447566e+00
-7.909240139926367874e+00 -1.143039592956785810e+00
-2.069376176673937362e+00 -3.476226842504692022e-02
-6.615265492425188576e+00 -9.353561455827754667e-01
-6.581529464255764239e+00 -2.622546019409794482e+00
-5.920878735162807160e+00 -4.228670156600413677e+00
-3.888661923350673622e+00 1.098405776626081853e-01
-1.818729867967042058e+00 -1.923567727126866966e+00
-9.322123103442416792e+00 3.559390370232874256e-03
-4.067014585608617949e+00 -2.936645145928429734e+00
-7.987093213009212711e+00 -4.038436994699021731e+00
-4.478023107131385849e+00 -2.121041273223001511e+00
-2.484062884109340175e+00 -1.705304923904501058e+00
-8.174962269111048840e+00 -4.066346328925854459e-01
-4.363544672693710602e+00 -2.218900881847355455e-01
-8.699050680466111629e+00 -3.313089208033753064e+00
-2.374248586857676369e+00 -2.298323480221080573e+00
-7.275670723629825254e+00 -6.974711411570780895e-01
-6.316541664806975653e+00 -3.080795018530957829e+00
-8.993228058282550563e+00 1.034664285377391024e-01
-7.579604093941195941e+00 -1.851212290911238956e+00
-2.367676831723608100e+00 -2.867793535793098370e-01
-7.423000010900443257e+00 -2.301952571064035169e+00
-3.720885681906381581e+00 -2.191097253483047957e+00
-6.697399974741985673e+00 -1.822823375146638947e+00
-3.427795070247904086e+00 -1.047082573303782793e-01
-2.009230160280729205e+00 -2.353176800537668978e+00
-9.043852831276124604e+00 -2.449542388624009970e+00
-6.633629088269851870e+00 -8.241335225774568674e-01
-4.230341472263152269e+00 -1.146135552468850127e+00
-4.773732252862037839e+00 -3.065728432404032144e+00
-5.463269888173043043e+00 -6.773117802107986307e-02
-3.676072774512731289e+00 -2.357796925131899979e+00
-2.969060726930295324e+00 -3.399019140126829708e+00
-7.179406222496774959e+00 -1.701084448223914691e+00
-7.092301639766652066e+00 -2.558224280901627790e+00
-3.947510309956696162e+00 -1.966830744899917605e+00
-3.766881886573171911e+00 2.387598220054462372e-01
-7.888092338727040520e+00 -3.452762202050755125e+00
-9.162283719648929292e+00 -1.181239428351037901e+00
-6.239384546985006885e+00 -2.156444827212705473e+00
-6.946980375700180232e+00 -2.372889083938485300e+00
-6.789919132577634464e+00 -2.347019460117396150e+00
-5.652041333237695753e+00 -3.051396218981591302e-01
-8.336836143535437671e+00 -1.816200869351260183e-01
-1.982200162987108216e+00 -9.629861775677962532e-01
-4.138295279406307259e+00 -7.884002042792680465e-01
-7.083899039314108137e+00 -4.040361689889508057e+00
-6.969244368272188517e+00 4.103443246769889474e-01
-9.302923510438356303e+00 -3.505645940609022571e+00
-4.034649164981463976e+00 -1.223034998775285986e+00
-5.506268193021567114e+00 -2.643395846273397964e+00
-7.210379877017528472e+00 -3.081104352277664216e+00
-8.830547004185813620e+00 -2.182710096725257287e+00
-4.649683497636408980e+00 -1.142496746485414327e+00
-8.872705660673970485e+00 -3.140361586126265703e+00
-8.101867108536529472e+00 -2.376580329696742933e+00
-6.402093883232750748e+00 -3.556467848723908531e+00
-6.329530659036878504e+00 -1.506436852988638719e+00
-7.458612938649511470e+00 -1.711149512417349028e+00
-8.849632477277564746e+00 -2.118734262137707880e+00
-4.147843148756023446e+00 -9.045041694596203108e-01
-6.218405886858385578e+00 2.906000203486206468e-01
-4.256693325508957848e+00 -6.738113962518473832e-01
-6.095940795483725694e+00 -2.201610625854671266e+00
-8.555423899338693516e+00 -7.441386257360584899e-01
-1.933113304451018699e+00 -1.600042595773485843e+00
-5.426974110632526660e+00 -2.712994394073859450e+00
-2.285180126723918459e+00 -1.069372703738859398e+00
-7.870544056683028700e+00 -1.276898274144205647e+00
-3.222224038022825088e+00 -1.785504579459460173e+00
-4.893226219679382538e+00 -2.643231822197209979e+00
-5.096272071255208758e+00 -1.540961445227241544e+00
-1.848134101603394530e+00 -2.738777667882752009e+00
-2.064042224716256868e+00 -3.857154233710174296e+00
-6.784451148578487079e+00 -1.799382785451477229e+00
-2.608008259850831401e+00 -1.310737168130671870e+00
-1.960452320755085687e+00 -1.632344826290708983e+00
-5.126786634348651894e+00 6.786594729344451737e-01
-3.710140976741957530e+00 -1.585754483011889704e+00
-7.945068070973260177e+00 -1.323937399359583544e+00
-5.386272769899246526e+00 -1.806753091362830244e+00
-4.227330684584079457e+00 -2.239782183145340611e+00
-7.584251704797642546e+00 -4.982736176158445995e-01
-5.109303447340938220e+00 -2.412752124210963522e+00
-2.128198446258098286e+00 -3.935901854557001034e+00
-1.749423218118517642e+00 -2.893647190615519005e+00
-1.698864762755833535e+00 -3.762960127096941054e+00
-3.603572094160437889e+00 -1.436340512486304233e+00
-1.619263950023593246e+00 -1.761752291950724469e+00
-2.810085958617774882e+00 -1.117494249018154528e+00
-2.667998145565468882e+00 -1.776272841561606253e+00
-7.959335497471916376e+00 -3.794186212956508264e+00
-2.047109283956342285e+00 -3.991151351490066279e+00
-9.098102710644086599e+00 -1.637544420281900726e+00
-4.575589236569771678e+00 -2.291250918710625584e+00
-8.137982166362959902e+00 7.623772060387463689e-01
-9.032112266641467713e+00 -1.176841336368774860e+00
-4.289896073948287203e+00 -1.290277827194273863e-01
-3.886352795243572356e+00 -2.882264162437894850e+00
-3.299953933100636672e+00 -6.636586386766544221e-01
-8.449847958826991245e+00 -2.384634045561055959e+00
-2.089331645468619492e+00 -9.373091629431388183e-01
-2.153925015312584179e+00 1.693986917205186626e-01
-1.860614592481151464e+00 -6.569917640601328213e-01
-8.957514812638351032e+00 -2.746607155993045168e+00
-9.487489917757937263e+00 -4.462101004860363207e-01
-8.323724979732173068e+00 -3.894101162335986466e+00
-8.777478724721161640e+00 -2.150220204694312631e+00
-2.637502788991293645e+00 -6.225132331289137677e-02
-8.165910758348188025e+00 -1.390348187118168433e+00
-2.446337494958550796e+00 -2.764569566489960994e+00
-4.446153141241708795e+00 -2.981028545019530629e+00
-1.780866955442369726e+00 7.239187242288729340e-01
-7.870630431824724660e+00 -1.908088826943111771e+00
-7.161379245786159586e+00 -3.155491907215421943e+00
-7.871512886366184958e+00 -2.594833890830066991e+00
-9.166166098585829758e+00 -4.178475373069262311e+00
-3.869136043351461218e+00 -2.932182858440677720e+00
-2.389989114703604312e+00 -1.046698823581303950e+00
-2.009141711873210223e+00 -3.486988723023677905e-01
-5.346605321351717954e+00 -2.517750789848174797e+00
-4.095312516238389655e+00 -1.394275999764066076e-01
-1.596829810590836063e+00 -2.855078300379977563e+00
-8.580459259558384844e+00 -1.540537441317667788e+00
-4.219446441636384826e+00 -3.492314938794269352e+00
-7.123917051638573916e+00 -1.178312346407380806e+00
-7.865051211874123815e+00 1.878314322452400986e-01
-2.726271891273085668e+00 -2.085466030615697353e+00
-3.899928641451334332e+00 -1.306155598660168060e-01
-9.387268465133283613e+00 -1.855007361964367885e+00
-3.031452252128875369e+00 -1.556422655310235825e+00
-6.295667775310014314e+00 -4.789199099808415516e-01
-4.431219800572128165e+00 -3.547370994677172540e+00
-6.678249132120976483e+00 -1.024962496352239238e+00
-5.344146480791400755e+00 -3.051531480127283924e+00
-1.717184087676702831e+00 -3.739851896442567991e+00
-9.012130344479984956e+00 6.716878363049920420e-02
-7.182300008052669327e+00 -1.157307886298301280e+00
-5.322388149966770676e+00 -2.225157259184596725e+00
-5.684679826384726908e+00 -2.354988137155673122e+00
-3.691931448100045365e+00 -2.838074037900364943e-01
-7.842213431163216342e+00 -7.935436983390061760e-01
-1.880677503530598926e+00 -1.668375024444590737e+00
-2.025796310650811005e+00 -2.137465725801275251e+00
-2.563586428234604586e+00 -1.989448855477919276e+00
-3.841861195268632123e+00 -2.235833408986031223e+00
-4.027450110807835770e+00 -1.468389540349235522e+00
-2.468492363686697999e+00 3.998665361738080737e-01
-7.654201535019836022e+00 -2.103584697501187151e+00
-5.444045316118851119e+00 -2.711460821669301691e+00
-5.263866854789671201e+00 -2.011700004768464944e-01
-2.192017517499404544e+00 -7.676558820034816710e-01
-2.875479630152563804e+00 -2.322155873422872663e+00
-2.575766228926514412e+00 -1.286369106908473503e+00
-8.210269461818665349e+00 5.342971797624747055e-01
-2.490577098703045333e+00 -2.932515698751888333e+00
-3.381217723221800142e+00 -2.871857617534360418e+00
-9.223624021671522399e+00 -2.995433213481119683e+00
-4.660234084218069839e+00 1.539623220770686696e-01
-3.495121705830496861e+00 -6.643683029083734537e-01
-5.139859820850893435e+00 -2.064724323469464995e+00
-4.422982429231139712e+00 -2.987851540063889644e+00
-2.344505617956079924e+00 -1.022460966430347895e+00
-8.569519534962692475e+00 2.862430893016276179e-01
-3.322838565234742081e+00 -3.207802649295338870e+00
-4.425039049994842877e+00 -2.013076162217026344e+00
-9.251829720286776748e+00 -2.309922373140270491e+00
-5.824148666757500870e+00 -1.447285031018868295e+00
-3.654381390150332809e+00 -3.241168745968735276e+00
-8.397272383356170877e+00 -2.800677452446456606e+00
-7.748569699383998532e+00 -2.139514964724429813e+00
-7.546200673237105860e+00 -3.046448004096184992e-01
-6.901280542632218129e+00 -1.756674118525209272e+00
-7.843642344262040211e+00 -8.976504132855539497e-02
-2.765308089042258999e+00 4.626049135190125616e-01
-9.068905467509559060e+00 -3.534483466637260207e+00
-4.762475148050693718e+00 -1.407967422789057732e+00
-8.292411182794698021e+00 -2.328984454323506093e+00
-3.602050482108012819e+00 -3.193955278731853475e+00
-7.461605227660522921e+00 -9.094444985258763881e-01
-6.025506739750520424e+00 -1.841745841935657602e+00
-7.102241475249534197e+00 -1.591125629207931436e+00
-8.493860417677115748e+00 -3.520788488638415092e+00
-5.999948386540681078e+00 -3.312139898935203330e+00
-7.047796493413135188e+00 -2.775241330495791914e+00
-8.636703252919849305e+00 -7.739254955508478862e-01
-6.192826179445056312e+00 -1.410381971630570552e+00
-3.115291312727360040e+00 -2.855728689703611600e+00
-7.824514921808198409e+00 -1.993545877506191610e+00
-3.138535969922470859e+00 -1.764056579642846678e+00
-3.315015435803783550e+00 -1.892760047396314649e+00
-5.700848845023786637e+00 -5.587677436197899805e-01
-2.292951751383125902e+00 -1.448794924687043517e+00
-3.126748770648388298e+00 -3.202956061131196908e+00
-7.452475408631410225e+00 -1.569203112119709198e+00
-5.106210078449438861e+00 -4.400270029667034066e+00
-8.139743731428104923e+00 -2.180991105302494404e+00
-8.569654812047694747e+00 -4.206100465531363852e-01
-5.332539832090496645e+00 -1.630693909096571748e+00
-3.201853267504465528e+00 -2.380897778165163459e+00
-9.032581681702334109e+00 -3.948766072733290722e-01
-2.530188780076636501e+00 -2.201541970412099314e+00
-5.483100931573065218e+00 -1.167644069600235479e+00
-6.260442181960132579e+00 -3.244938313017046383e+00
-6.218129709071662958e+00 -9.361360230103773494e-01
-7.111596134151898951e+00 -1.244722612794036509e+00
-9.237612550306634418e+00 -1.056590177094394845e+00
-7.381924871418003242e+00 -6.490604399501272159e-02
-7.243980753292967201e+00 -1.259919922196945707e+00
-3.226341320071791863e+00 -3.106955553399258996e+00
-6.095937064860406096e+00 -5.388606205545073413e-01
-6.395151707574289190e+00 -2.801994195219447814e+00
-8.604949821345190486e+00 -2.967906646942123583e+00
-8.902714118354447592e+00 -1.720462503732605564e+00
-3.537222055446699098e+00 -1.686187975507239756e+00
-7.281069559117478995e+00 -2.505969654428553905e+00
-2.323350253970788426e+00 -2.977105951162605013e+00
-2.611877498033109202e+00 -5.727994025470342088e-01
-5.736581364815203976e+00 2.850994763320316427e-01
-2.649627065295590445e+00 -3.258732321409552490e+00
-4.862874549553334980e+00 -1.668401525154720177e+00
-5.538008141515974536e+00 -3.555958095710158862e+00
-9.040108318235704488e+00 -3.051335809326606530e+00
-3.033654876587124516e+00 -2.376780876478986837e+00
-3.270052868813651425e+00 -2.587892056333535695e+00
-4.069283687751622303e+00 -9.430924591055949158e-01
-9.160556452266352068e+00 -2.919607382355694281e+00
-8.621099968239766653e+00 3.720143967590041068e-01
-5.798763980364126880e+00 -1.167004786405699379e+00
-9.276637390168364306e+00 -2.363113829371163988e+00
-5.638633177299190002e+00 -2.140573985686034408e+00
-3.038294941715559805e+00 -1.791268433698987250e+00
-9.292954859258896860e+00 -2.570006798529919312e+00
-6.926138928939548300e+00 -1.627100396516823810e+00
-1.764595557717048013e+00 -2.771882360668764811e+00
-8.948844103069793832e+00 -1.510386475916893678e+00
-6.840978581732341191e+00 -3.735367233836580092e-01
-6.684743882545535421e+00 -1.755795255058512749e+00
-9.478131876237801734e+00 -2.492177167750541933e-01
-2.934406266000810781e+00 -3.695460591543938023e+00
-5.568148680932925032e+00 -1.944114589770184809e+00
-1.794062434642683890e+00 -3.433523925128050713e+00
-5.090100701770889913e+00 2.955483571566616674e-01
-3.922112469400683032e+00 -2.781586225365910270e+00
-8.096182437405895271e+00 -2.425046996457664417e+00
-8.258955091750799227e+00 -1.993080643179969691e+00
-7.934445242276390253e+00 -1.888637969651129955e+00
-4.601063104885692923e+00 -2.220909460817985792e+00
-4.391400868869152596e+00 2.177966777207420435e-01
-6.793091631447058631e+00 -2.327067305895155425e+00
-6.171978771388219265e+00 -2.343060347355938600e+00
-8.039226312462503188e+00 4.628660540186331218e-01
-5.036917264399646932e+00 -2.905651698857047993e-01
-7.213258226303364218e+00 -6.778045216387498240e-01
-1.912032657436631089e+00 -2.348537963331302159e+00
-1.733590273645340574e+00 4.356082007601305151e-01
-5.314812402997347363e+00 1.517425236194250848e-01
-8.652326881387441659e+00 -3.122359172091356605e+00
-5.428997130033327068e+00 -1.436758331723363646e+00
-8.756420138929405184e+00 -2.285154271867122944e+00
-6.899153914988254144e+00 -2.983521142042914853e+00
-7.538339547162424381e+00 -3.718134877873217281e+00
-5.868752862548939575e+00 -1.788049234816272426e+00
-9.288481912052692024e+00 -9.348755797675237789e-01
-3.912370379026965495e+00 -1.185633678801932378e+00
-3.031335647169642655e+00 -2.341646049288473641e+00
-7.989186591558600448e+00 -1.239263639313360699e+00
-4.022708279379813234e+00 -3.121165851784418521e+00
-2.890539413126653301e+00 -2.119650381833777963e+00
-3.553332457135054856e+00 -1.961195901821760401e+00
-6.125687745799268669e+00 -1.649061289366032801e+00
-5.267332988663953053e+00 -3.328273692977294917e+00
-8.865785893990988598e+00 -3.116856222642222285e+00
-6.990722955910143810e+00 -5.707898124474095614e-01
-4.983775718510798924e+00 -4.373079414028090972e-01
-5.204980129403477207e+00 -2.121462408283176782e+00
-6.435083209396573523e+00 -1.920672419532292841e+00
-3.391453543137719073e+00 -1.228749334133954152e+00
-4.988463396782441883e+00 -2.235754754744594841e+00
-2.657883381933740630e+00 -3.062134540166863150e+00
-7.051349354450278106e+00 -1.433001495039550433e+00
-9.555027586417336849e+00 -2.749568227508777163e+00
-4.116455213009865055e+00 -2.215307770522241260e+00
-6.433094209532892904e+00 -3.082731471419844826e+00
-6.689460405070104088e+00 -3.554058441425328230e+00
-8.268019177848191958e+00 -3.210584385963198284e-01
-6.540232117182216420e+00 -3.437951805146950868e+00
-3.628030632192710492e+00 4.432174933765387626e-01
-1.929387436273965806e+00 -2.188238499523757152e+00
-7.689582141466753562e+00 -3.245820374608766379e+00
-5.605887093257118536e+00 -2.877777154512744406e+00
-7.299892459646739162e+00 -3.423736544301329676e+00
-9.438676197941671120e+00 -8.693343994492894744e-01
-2.416410605210239204e+00 -2.334967186215328727e+00
-2.819207158341243691e+00 -3.032119799749762201e+00
-8.741163666658579245e+00 -1.837493778862973881e-02
-5.270941862556023594e+00 -1.114603971756266354e+00
-4.954593624386001594e+00 -1.684668368454838028e+00
-4.822115211389955469e+00 -3.598145270078913494e-01
-3.782029439736576570e+00 -2.765737165848262347e+00
-4.291972296936948261e+00 -2.891525963769436824e+00
-5.874336749420732140e+00 -2.518459381503811212e+00
-2.712230812095273613e+00 -3.403853954235816492e-01
-6.285359752388885113e+00 -1.665859705788345746e+00
-2.710658975653184033e+00 -3.989788888565112046e+00
-3.105706603181995984e+00 -2.775485631306847001e+00
-5.147054812324524775e+00 -2.558912056419809566e+00
-6.334454567870783315e+00 -4.249606288552817968e-01
-2.473256349086684125e+00 -1.725837172943725628e+00
-3.810247147703327730e+00 -1.203272885915835255e+00
-8.316086082782659261e+00 -1.818126677748429065e+00
-2.821473687282228582e+00 -1.348609009332498720e+00
-7.618570687542333353e+00 -3.675948130656618851e+00
-9.320978998792366355e+00 -1.494330528972663608e+00
-2.648383777716575516e+00 -2.799498059864141464e+00
-5.638090087641558057e+00 -2.778324206110484251e+00
-5.943278862368489790e+00 -2.287838477751758859e+00
-3.885964710251715637e+00 -1.228121101466445486e+00
-4.602618521013215336e+00 -1.642082195618711049e+00
-9.506413008799238895e+00 -2.041176597866545261e+00
-4.812833590220503943e+00 -1.944705262378535027e+00
-1.608132137644913584e+00 -1.625492882601666134e+00
-5.935301155821653296e+00 -6.620950478412720441e-01
-6.911788290704940607e+00 -1.515980093763100500e+00
-8.287464046488409508e+00 -2.222767871265396877e+00
-7.070387407355221754e+00 -3.172337604136741707e+00
-1.759738879317892302e+00 -1.547086177203589319e+00
-4.347468489449994422e+00 -2.417187310860243521e+00
-5.929856645087190792e+00 -2.478121289693831775e-01
-2.909908052291768854e+00 -1.283290316580543378e+00
-5.969740715627056993e+00 -1.642936984782054521e+00
-5.356485920664463940e+00 -2.809326124059240648e+00
-4.338706518460757167e+00 -8.654372118569291228e-01
-3.088919984401409913e+00 -5.993072431039572212e-01
-2.974656545055136103e+00 -1.917378304887257523e-01
-6.542548905367691958e+00 -1.957886994901776090e+00
-2.226862880258775768e+00 -1.068650369258920430e+00
-7.167904863928920456e+00 -3.759280628007046210e-01
-5.532568283639881734e+00 -3.141507121414383708e+00
-3.117894028026750419e+00 -2.567309378241783957e+00
-7.645071254491235813e+00 -2.501568629304640634e+00
-6.821378861433715635e+00 -3.696486017261723767e+00
-3.102162824144163000e+00 -2.429196290481959952e+00
-2.324042725129862763e+00 -6.479866948769870127e-01
-9.456752703545852512e+00 -1.864570314583553046e+00
-5.960073394303356586e+00 -4.024583481795440676e+00
-7.921491852051566696e+00 1.364076285280062251e-01
-4.216240242576245301e+00 -2.376085353096402397e-01
-6.233979363215604863e+00 -1.531397571314364825e+00
-7.110392768251990070e+00 -3.166281187250610252e+00
-5.160615044061565015e+00 -1.061957577738446457e+00
-9.399052852877249009e+00 -5.942190809025235110e-01
-6.603266289575196346e+00 -2.649795734533610947e-01
-6.941441415282489480e+00 -2.595348279749175369e+00
-7.813388995975106610e+00 -9.434280773146427324e-01
-2.889812955588455967e+00 -3.015843005761571494e+00
-2.440760921357482793e+00 -1.802712574590894956e+00
-2.589690595875665302e+00 -4.551867100310771908e-01
-6.514738738159833176e+00 -2.968640368321730172e+00
-5.499869020230504724e+00 -1.381739955354300609e+00
-3.035079940857245528e+00 -7.293704399934106686e-01
-2.452092131962065213e+00 -1.818247112028345880e+00
-9.315302684161858693e+00 -1.558873767225403384e+00
-1.823824923462494141e+00 -3.554893957431714657e+00
-7.584817035225908555e+00 -9.269285906187691992e-01
-2.093161829435886911e+00 -8.777813090032273724e-01
-2.448502719097235492e+00 -7.312716504453603550e-01
-7.335807258731733782e+00 -1.143513359239050287e+00
-9.191280962095188301e+00 -2.695427901114431535e+00
-4.144767267671455535e+00 -3.421784921447982519e+00
-7.919725904242560510e+00 -3.518252761284057506e-01
-2.227517397334411786e+00 -1.736433198623896335e+00
-3.305777063812383787e+00 -1.191402945830226434e+00
-3.152200560471823731e+00 -2.230691916053093138e+00
-2.088666584234358137e+00 -3.574487669437043991e+00
-1.997985184916890811e+00 -1.723496642085749375e+00
-5.843187293496113099e+00 -1.467223730061520959e+00
-6.113385544035755181e+00 -3.016541005238073225e+00
-2.492350542545083147e+00 -2.144275472733229826e+00
-6.149688089232550503e+00 -1.697008734493115067e+00
-7.310039185485797120e+00 -1.841704721064393313e+00
-7.158818378969860952e+00 -8.724021238537468248e-01
-1.637451007830375449e+00 -2.135936835491509367e+00
-7.192513020689326630e+00 -3.287617675363184500e+00
-9.311798001842825911e+00 -1.400347928157848143e+00
-6.858551584043379279e+00 -3.504675599996604163e+00
-7.149262879367798362e+00 5.125313203612927859e-01
-2.513888548992258443e+00 -2.286046183729248060e+00
-3.758253862217831642e+00 -1.516191490793085128e+00
-3.572603366896372368e+00 -1.281306582396035010e+00
-1.678400333105159126e+00 -3.656123224349770773e+00
-8.515115399217062730e+00 -1.021120271380151934e+00
-8.856724029561965139e+00 -1.593222611493912533e+00
-8.798248194416801837e+00 -1.053688533592865628e+00
-6.944083457689746552e+00 -3.429689288086074650e-01
-8.202040065305718386e+00 -4.277111881854325226e+00
-5.081779945909061347e+00 -1.485212169833989959e+00
-3.318788676191789300e+00 -9.141374043256405013e-01
-2.271857502349441393e+00 -5.230475163043031284e-01
-3.287874144704724166e+00 7.132818565930808541e-01
-5.478141960255522136e+00 -2.452914582572771174e+00
-6.762816332846477430e+00 -1.871330484475324019e+00
-3.224752774853769210e+00 4.524522192043090585e-01
-5.054230215065019571e+00 -7.827126559284260932e-01
-1.846078533915575637e+00 -7.144333507859057519e-01
-4.556517306092781716e+00 6.797467855132673931e-01
-5.476906357781483159e+00 -2.005882699720804574e+00
-3.339216523392132263e+00 -6.467577994431842336e-01
-3.652548116300760928e+00 -3.950136053148325388e+00
-9.111614120993680288e+00 -2.698693979308059987e+00
-8.690997027093549931e+00 -1.521570841883681302e+00
-8.017550995453857965e+00 -7.235655166338530453e-01
-6.031350255348252531e+00 -6.756793236563117810e-01
-7.855712422497661329e+00 -1.690470152525378911e+00
-3.292969979970896244e+00 -1.639112801195613756e+00
-1.601533230460419510e+00 -2.686442423268551316e-01
-5.580365998293278729e+00 -1.642086231406246988e+00
-3.057065652735155847e+00 -1.921867928843484563e+00
-3.303730626849185725e+00 5.005353475002328745e-01
-3.127882279600273652e+00 -9.054668749835090846e-01
-7.268157786774828821e+00 -2.155198687971166205e+00
-8.934028104684429650e+00 -1.828319112394286128e+00
-7.529527808175370041e+00 -2.648592156791019114e+00
-4.920405085227015363e+00 -3.147368676251904862e+00
-9.425800714755050436e+00 -2.653250469157063751e+00
-6.687218864587808120e+00 1.449200944013908365e-01
-3.498655853458862541e+00 -7.200057566960703648e-01
-2.011203905265408043e+00 -1.807935399457437198e+00
-7.359450400620686672e+00 -7.326950618863076192e-01
-3.939512100227387847e+00 -1.604498963561562963e+00
-7.216617450510364407e+00 -1.429181321023841322e+00
-7.606510754544326680e+00 2.018556534389988055e-01
-9.081257779791576112e+00 -3.556922489952409894e+00
-6.302682443128668766e+00 -4.082507435131517703e-01
-8.134530272074583124e+00 -1.520638527967230091e+00
-2.340100724192054393e+00 -1.664766585753003181e+00
-8.187449016371420640e+00 -3.870846837874461488e-01
-7.897085810829302055e+00 -2.481980290323344995e+00
-6.684508871852134604e+00 -2.894046196087184164e+00
-3.092348377148649075e+00 -3.419479748746354186e+00
-9.487388400168557112e+00 8.002163496231025075e-01
-6.564143788488845388e+00 -2.379564925281277166e+00
-8.882839308563905689e+00 -4.090304238692279881e+00
-2.187066274057893445e+00 -1.924192605971731584e+00
-2.854946258972473228e+00 -1.984471717004872238e+00
-9.276680559772287893e+00 -4.131435133641078394e+00
-3.204437332647333658e+00 -3.299695493929208912e+00
-9.186944946923700783e+00 -1.733266920692978275e+00
-4.138933924255238317e+00 -2.066711821705169427e+00
-1.607490853896403227e+00 -1.222571785594087218e-01
-6.531221499369481265e+00 -9.929995506044737574e-01
-3.952020609866429002e+00 2.539274256551047326e-01
-7.115307790350819062e+00 -2.439790011760063049e+00
-5.795702922905210386e+00 -2.205065840107804487e+00
-2.952943924249838314e+00 -1.588970773589998275e+00
-9.325383430551736907e+00 -1.126175895495221235e+00
-8.740779507472108634e+00 -1.015712428466031714e+00
-8.917262125149310492e+00 -1.304979732830566119e+00
-7.698525411863339940e+00 -3.081548204721539452e+00
-6.681571553404307195e+00 -3.236238866156338823e+00
-1.760801712425146270e+00 -3.600103825678075076e+00
-9.254422964180127664e+00 -5.126644753685984934e-01
-8.804512424134845361e+00 -3.736273851671547686e+00
-8.197570691001855536e+00 1.959778970284804522e-01
-4.631497625842625254e+00 1.328995953946988939e-02
-8.289175081508160403e+00 -1.991594502700519964e+00
-3.461555866348307475e+00 -1.885639222369461354e+00
-4.994004371125724262e+00 -1.212447646023668835e+00
-8.323892851843723406e+00 -3.506333391723199244e-01
-2.769282199707081560e+00 -2.670151439403138927e+00
-5.433596018933134708e+00 1.133922270255950104e-01
-3.328297438439789424e+00 -1.716416447136052348e+00
-7.128590421054656012e+00 -1.946846345855747673e+00
-4.122476210024745846e+00 -2.228578077192281182e+00
-5.612413509591987371e+00 -1.764925073458282867e+00
-6.481895723616162286e+00 -3.287181454878312703e+00
-9.319966211810895018e+00 -2.902754122241953283e+00
-7.649127095131885490e+00 -1.770019160336461672e+00
-2.589111429499625139e+00 -2.721804811136719238e+00
-7.601849503900529825e+00 -1.865657557149410062e+00
-2.148050996181392502e+00 -2.741827791903117983e+00
-2.241175897859051247e+00 -6.239123023553726499e-01
-4.894919463089762779e+00 -4.263213238297576702e+00
-8.136643148695327454e+00 -1.639243584865895942e+00
-7.057063890111884064e+00 -1.130547788206002657e+00
-1.597028111185210708e+00 -3.137908445599491891e+00
-2.186868620430821419e+00 -1.068671894583824278e+00
-8.080700589404026246e+00 -2.946557525660578492e+00
-6.028789078478576258e+00 -3.051818511475564044e+00
-7.117960212685694010e+00 -1.382030842569243800e+00
-8.331934640327943953e+00 1.198329685199051309e-01
-7.169066837476173681e+00 -2.502327032155683195e+00
-1.956042749470965569e+00 -1.461855208196375155e+00
-3.027280276718257390e+00 -1.328220241645298394e+00
-2.924534798461140284e+00 -1.038698001347466926e+00
-7.179565961642630612e+00 -1.300666760506322905e+00
-7.713704651803213075e+00 -1.953747702720133761e+00
-3.606053494346368904e+00 -2.366332960402217189e+00
-2.982450047493384826e+00 -3.399253590741341036e+00
-6.605081622824990895e+00 -2.588422899197962423e-01
-4.988366270305291117e+00 -7.604611980674568228e-01
-3.903500929041653134e+00 -3.700577287144534822e+00
-4.245223632653031487e+00 -8.651831257805225883e-01
